%egy minta a kapott differencia (mas helyettesitesekkel kovariancia
%matrixok) plotolasara

B = [  0.0, 243.48374926180423, 2076.134606675269, 201.78524512529984, 11.317559018815873, 0.5267149107845666, -3.027018035041573, 52.83677156035367, -6.850494919428023, 18.025554759004734, -4.621967550391921, -8.508780391645791, 2076.134606675401, -20.545617087331692, -0.1189570507657294, -2.633574553922801, 376.6011612109563, -0.5315916459743741, -14.735975353843905, -0.09549034904355563, -88.92968755071477, 163.4348516986121, 201.77414392311488, -37.49707589486038, -28.969320093142255, -486.1745337432678, 34.76318411178018, 1.7449391650718706, -141.37221306470553, 257.05065194111245, -38.21210473408684, 291.18083044555055, 67.17464050452321, -0.1189570507657294, -27.681794755678705, 28.969320093142255, -45.97429075912106, -4.82822001552506, -98.70220323238381, 163.42375049642715, 5.267149107845538, -31.315283709337347, -1.1647590554985972, 0.011101202187031234, 89.22608445057642, 0.011194687851316066, -17.08043965703582, -0.08224186752107569, 82.47275764494458, 0.011194687851316066, -89.39558532025892, 2076.134606675269, -4.154142013672636, -5.267149107845538, -0.7238915245576064, 36.87004375491806, -89.40668652243977, -234.40800165351666, 2124.4168068305967, 201.78524512529984, 163.42365701075875, 311.0966504852666, 74.2087672480357, 0.0, -100.4910987266544, 1.1558842254124788, 236.81207490755182, 20.390957632410643, 28.969320093142255, -98.19664679502503, -5.7938640186309405, -48.39572336637317, 0.0, 36.87004375491806, -0.13267234104236553, 0.0, 175.3840232609663, 0.0, 5.267149107845538, -35.11260468928824, -48.38462216418614, 4.828220015524416, -0.15053005398351138, -30.977839825553318, -89.39558532025892, 387.72419096727543, -17.06933845484879, 57.93864018628451, 226.48741163736435, -160.19923440548095, -25.282609915288777, 2.633574553922769, -28.969320093142255, -74.2087672480357, 22.051443946053208, 163.4348516986121, 2076.134606675269, -29.77922060917231, 10.582762254314726, -127.39772168967349, -23.8524850090056, -16.400832178433614, 0.0, -1.373049577467849, 0.0, -193.59342484058863;,  0.0, -0.3905994014623705, 2.1360530201018886, -0.4018882480078834, 0.034871751469464175, 0.0019418663819112947, -0.0012612084991387683, -0.11418585242088232, 0.014899239133716586, -0.000507793172929571, 0.0063292046978107985, -0.00519981888503315, 2.0470508109313004, 0.0, -3.125567816794812e-08, -0.03883732763822506, 0.42721060402047484, 0.00020703511957103788, -0.14806130970926484, -4.2638455406643854e-05, 0.040277936662271446, 0.41964066693318086, -0.4018882470557337, 0.06173463678520211, 0.0, -12.11126718758013, 0.03204079530153713, -0.0008083594464600891, -0.3764613949818226, 0.4353151711733655, -0.08597329335835488, -0.44358199374048446, -0.05734390597378766, -3.125567816794812e-08, -0.047467844891166545, 0.10680265100508836, 0.0, -0.017800441834186373, -0.05924626489389402, 0.41964066788534565, 0.0, 0.03484790340526191, 0.0002313593622743387, -9.521648267429724e-10, -0.014164633068534332, -9.53910247243099e-10, 0.023390232856530788, 0.006631104522392052, 0.18295355729646134, -9.53910247243099e-10, 0.04169374573259345, 2.4030596476146244, 0.016999977918768967, -0.01941866381911247, 0.0002491134455857997, 0.038837327638218774, 0.041693746684760176, -0.08466972004544604, 2.314057438444036, -0.4018882480078834, 0.41964066788707594, 0.0, 0.4338053000017152, 0.0, -0.060025814698029555, -0.006643531441335727, -0.3230793956832664, -0.007868733695627005, 0.0, -3.0355139132636404e-14, -3.0829438181583846e-15, 0.058238136261792695, 0.0, 0.038837327638218774, 1.229270082796528e-05, 0.0, -0.06965519696489374, 0.0, 0.01941866381911247, -0.0370855415136252, 0.05823813530962787, -0.008900220917093304, -0.00012328661396638098, -0.035223645760525064, 0.04169374573259345, 0.3330845972351779, 0.02339023190436596, 0.10680265100508836, 0.23302396582932786, 0.34913557995626915, 0.0, 0.029127995728668768, 0.0, -0.4338053000017152, 0.043179272905253335, 0.41964066693318086, 2.4030596476146244, 0.011159459316878397, 0.043972555297609975, -1.28065468122756, -0.08793815746555904, -0.1631543926468099, 0.0, -0.0019337600180757584, 0.0, -0.3589281187158931;,  0.0, 11.757793015420827, -16.571870946007092, -4.6088130584723785, -1.2465351050090727, 0.0, 0.006144340570990677, 9.500274235292292, -0.17942972786815573, 1.0093054751347608, 0.007972365288010817, 0.023663029241045172, -16.571870945916658, 0.0, 0.0, -1.80784046683428, 0.0, 0.0, -64.77591234712315, 0.0, -1.04375015509726, -0.013563139584894685, -4.60881305796935, -0.8521038701733954, 0.0, -658.7733876704037, 0.0, 0.0, 18.569554186872708, 0.9901371693437964, -16.78435606652101, -3.6793968817176363, -7.89863327745401, 0.0, -2.209582792797553, 0.0, 0.0, 0.0, 0.3487507470583534, -0.013563139081865723, 3.6156809336685156, -3.409693951815481, -0.7419788579327133, -5.030289619953515e-10, 10.65735777033118, -4.97376951186415e-10, 0.029462703402015913, 0.12108708126369704, 35.905987449625115, -4.97376951186415e-10, -0.9294161767575685, 0.0, 1.0329118519462657, -1.8078404668342578, 0.0, 0.0, -0.9294161762527733, 32.837462575800174, -16.571870945916658, -4.6088130584723785, -0.013563139087517733, 0.0, -10.670920909916076, 0.0, 0.34165389498890547, 0.11181843836196083, 10.776846669208501, 22.453324183741632, 0.0, 0.0, 0.0, -3.380231248413465, 0.0, 0.0, 0.0, 0.0, 13.017268634717446, 0.0, 0.0, 0.0, -3.380231248916494, -1.6571870945980862, 0.0, 0.0, -0.9294161767575685, 246.97300288207072, 0.02946270289898695, 0.0, -1.8078404668209005, 22.1665416658841, 0.0, 1.8078404668342578, 0.0, 10.670920909916076, 18.55599104778519, -0.013563139584894685, 0.0, -1.7135427704884483, 2.209199292479367, -66.52318014826794, 0.0, -0.015930160325534657, 0.0, -1.4009921792651434e-08, 0.0, 0.0;,  0.0, 43.00030849249294, 272.8979424222332, 11.78226194298828, 3.292206531680128, 0.2706425875262943, -0.4960921926051997, -8.823874257328573, -0.5221568678294037, -1.1461882652458966, -0.7065509019824202, -1.414713198324098, 285.30239435060884, 0.0, -0.027871920398814573, -4.059638812894331, 59.54136925578335, -0.11282021907542072, 85.33467321626934, -0.11466703799231984, -12.195851046250091, -46.289216781273446, 11.781780510692531, -7.106380020617025, 0.0, -409.9662166859338, 7.442671156972919, 0.26178482701791145, 99.47391568507422, -35.57085785843064, -25.93882121093455, 23.89954992579647, -130.38744545257893, -0.027871920398814573, -4.961780771315559, -14.885342313941607, -11.844785799267255, 0.0, -17.60274600946153, -46.289698213569196, 4.059638812893935, -14.247007711799967, 0.0807619429621791, 0.0004814322978641948, -77.20327214850673, 0.0005255997285680739, -2.610885483722428, -0.04861230564893792, 78.72485853256426, 0.0005255997285680739, -12.117287982810305, 285.30239435054114, -7.0302507195513915, 1.3532129376314384, -0.17080964954662, 5.412851750524894, -12.117769415105789, -220.78750945740168, 310.111298207157, 11.78226194298828, -46.289742381002014, 0.0, 30.914055367233278, 0.0, -17.877649426525814, 0.736931857602509, 35.55947091969923, 23.95693344100139, 29.770684627883213, -16.932093814203494, -1.488534231394164, -16.857893195522394, 0.0, 5.412851750524894, -0.03901759856129045, 0.0, -63.61511041226001, 14.885342313941607, 4.059638812893935, -5.168701105573709, -16.85741176322453, 2.480890385657298, -0.032107934061022, -4.9092042169014505, -12.117287982810305, 217.23652547001333, -2.6104040514245637, -14.885342313941607, 29.770684627891676, -189.8734540901684, -12.990995369201523, 1.3532129376314384, -14.885342313941607, -30.914055367233278, 53.18417330407221, -46.289216781273446, 322.51575013539724, -3.0843725341366257, 6.970984366473094, -34.82004559410588, 0.0, -4.3402318458443245, 0.0, -0.5806798111600396, 0.0, 50.60975898933495;,  0.0, -3.4999952513523946, 0.0, -0.9376080817369327, -0.328323312352977, -0.09213905393266507, 0.00187015890514746, 2.3366831098846785, -0.049259694943112504, 0.5161276033654763, 0.004653130621963717, 0.0074103136444388555, 0.0, 